Count	Angle	Start X	Start Y	Length	Name	End X	End Y
1	281.2	127.1071	10.5065	0.2457	Line	127.1547	10.2654
1	359.8	125.0428	10.2711	4.1645	Line	129.2073	10.2598
1	0.0	130.5879	10.2486	4.5237	Line	135.1117	10.2486
1	90.0	129.9818	10.4505	1.9855	Line	129.9818	12.4361
1	64.6	130.5879	10.2486	0.7578	Line	130.9135	10.9329
1	41.0	130.9135	10.9329	1.2070	Line	131.8245	11.7246
1	222.2	132.5971	11.3672	0.7155	Line	132.0673	10.8864
1	0.0	128.8146	8.0988	5.9668	Line	134.7814	8.0988
1	253.1	132.0673	10.8864	0.6666	Line	131.8734	10.2486
1	260.4	133.0032	10.5202	0.2755	Line	132.9571	10.2486
1	319.3	128.2336	11.6959	0.9442	Line	128.9492	11.0800
1	306.6	128.9492	11.0800	0.7493	Line	129.3955	10.4781
1	321.5	127.4471	11.3278	0.7965	Line	128.0706	10.8321
1	292.9	128.0706	10.8321	0.6188	Line	128.3117	10.2623
1	312.4	126.5970	11.0658	0.7570	Line	127.1071	10.5065
1	233.2	133.4094	11.0628	0.6778	Line	133.0032	10.5202
1	0.0	125.3125	9.1577	6.6918	Line	132.0043	9.1577
