Count	Angle	Start X	Start Y	Length	Name	End X	End Y
1	210.4	241.3975	9.3233	0.1060	Line	241.3061	9.2696
1	63.3	241.9465	2.3658	0.4652	Line	242.1558	2.7812
1	114.7	242.1558	2.7812	0.4652	Line	241.9616	3.2039
1	255.4	249.1520	5.3784	0.1060	Line	249.1254	5.2759
1	300.4	249.1254	5.2759	0.1060	Line	249.1791	5.1845
1	345.4	249.1791	5.1845	0.1060	Line	249.2816	5.1579
1	30.4	249.2816	5.1579	0.1060	Line	249.3730	5.2116
1	75.4	249.3730	5.2116	0.1060	Line	249.3996	5.3142
1	120.4	249.3996	5.3142	0.1060	Line	249.3459	5.4055
1	165.4	249.3459	5.4055	0.1060	Line	249.2434	5.4321
1	210.4	249.2434	5.4321	0.1060	Line	249.1520	5.3784
1	255.4	247.8587	5.2764	0.1060	Line	247.8321	5.1738
1	300.4	247.8321	5.1738	0.1060	Line	247.8858	5.0825
1	345.4	247.8858	5.0825	0.1060	Line	247.9883	5.0559
1	30.4	247.9883	5.0559	0.1060	Line	248.0797	5.1096
1	75.4	248.0797	5.1096	0.1060	Line	248.1063	5.2121
1	120.4	248.1063	5.2121	0.1060	Line	248.0526	5.3035
1	165.4	248.0526	5.3035	0.1060	Line	247.9501	5.3301
1	210.4	247.9501	5.3301	0.1060	Line	247.8587	5.2764
1	255.4	255.9607	2.2836	0.1060	Line	255.9340	2.1811
1	300.4	255.9340	2.1811	0.1060	Line	255.9877	2.0897
1	345.4	255.9877	2.0897	0.1060	Line	256.0903	2.0631
1	30.4	256.0903	2.0631	0.1060	Line	256.1816	2.1168
1	75.4	256.1816	2.1168	0.1060	Line	256.2083	2.2193
1	120.4	256.2083	2.2193	0.1060	Line	256.1546	2.3107
1	165.4	256.1546	2.3107	0.1060	Line	256.0520	2.3373
1	210.4	256.0520	2.3373	0.1060	Line	255.9607	2.2836
1	255.4	253.6142	3.4086	0.1060	Line	253.5876	3.3060
1	11.8	241.4912	2.2705	0.4652	Line	241.9465	2.3658
1	300.4	253.5876	3.3060	0.1060	Line	253.6412	3.2147
1	320.4	241.1328	2.5670	0.4652	Line	241.4912	2.2705
1	217.5	241.5100	3.3156	0.4652	Line	241.1412	3.0321
1	269.0	243.5944	16.1911	0.4652	Line	243.5860	15.7260
1	320.4	243.5860	15.7260	0.4652	Line	243.9444	15.4294
1	11.8	243.9444	15.4294	0.4652	Line	244.3997	15.5247
1	63.3	244.3997	15.5247	0.4652	Line	244.6091	15.9401
1	114.7	244.6091	15.9401	0.4652	Line	244.4149	16.3628
1	166.1	246.0466	12.0847	0.4652	Line	245.5950	12.1964
1	217.5	245.5950	12.1964	0.4652	Line	245.2262	11.9130
1	269.0	245.2262	11.9130	0.4652	Line	245.2178	11.4479
1	320.4	245.2178	11.4479	0.4652	Line	245.5762	11.1513
1	11.8	245.5762	11.1513	0.4652	Line	246.0315	11.2467
1	63.3	246.0315	11.2467	0.4652	Line	246.2408	11.6620
1	114.7	246.2408	11.6620	0.4652	Line	246.0466	12.0847
1	166.1	259.1616	7.5011	0.4652	Line	258.7100	7.6127
1	217.5	258.7100	7.6127	0.4652	Line	258.3412	7.3293
1	269.0	258.3412	7.3293	0.4652	Line	258.3328	6.8642
1	320.4	258.3328	6.8642	0.4652	Line	258.6912	6.5677
1	11.8	258.6912	6.5677	0.4652	Line	259.1465	6.6630
1	63.3	259.1465	6.6630	0.4652	Line	259.3558	7.0784
1	114.7	259.3558	7.0784	0.4652	Line	259.1616	7.5011
1	166.1	255.9007	7.7517	0.4652	Line	255.4492	7.8634
1	217.5	255.4492	7.8634	0.4652	Line	255.0803	7.5800
1	269.0	255.0803	7.5800	0.4652	Line	255.0719	7.1149
1	320.4	255.0719	7.1149	0.4652	Line	255.4303	6.8184
1	11.8	255.4303	6.8184	0.4652	Line	255.8856	6.9137
1	63.3	255.8856	6.9137	0.4652	Line	256.0950	7.3291
1	114.7	256.0950	7.3291	0.4652	Line	255.9007	7.7517
1	166.1	241.9616	3.2039	0.4652	Line	241.5100	3.3156
1	269.0	241.1412	3.0321	0.4652	Line	241.1328	2.5670
1	217.5	243.9633	16.4745	0.4652	Line	243.5944	16.1911
1	345.4	253.6412	3.2147	0.1060	Line	253.7438	3.1881
1	75.4	253.8352	3.2418	0.1060	Line	253.8618	3.3443
1	75.4	253.8693	12.9497	0.1060	Line	253.8959	13.0522
1	120.4	253.8959	13.0522	0.1060	Line	253.8422	13.1436
1	165.4	253.8422	13.1436	0.1060	Line	253.7397	13.1702
1	210.4	253.7397	13.1702	0.1060	Line	253.6483	13.1165
1	255.4	251.7128	17.2218	0.1060	Line	251.6862	17.1192
1	300.4	251.6862	17.1192	0.1060	Line	251.7399	17.0279
1	345.4	251.7399	17.0279	0.1060	Line	251.8425	17.0013
1	30.4	251.8425	17.0013	0.1060	Line	251.9338	17.0549
1	75.4	251.9338	17.0549	0.1060	Line	251.9604	17.1575
1	120.4	251.9604	17.1575	0.1060	Line	251.9067	17.2489
1	165.4	251.9067	17.2489	0.1060	Line	251.8042	17.2755
1	210.4	251.8042	17.2755	0.1060	Line	251.7128	17.2218
1	255.4	258.7320	13.4976	0.1060	Line	258.7054	13.3950
1	300.4	258.7054	13.3950	0.1060	Line	258.7591	13.3036
1	345.4	258.7591	13.3036	0.1060	Line	258.8617	13.2770
1	30.4	258.8617	13.2770	0.1060	Line	258.9530	13.3307
1	75.4	258.9530	13.3307	0.1060	Line	258.9796	13.4333
1	120.4	258.9796	13.4333	0.1060	Line	258.9259	13.5246
1	165.4	258.9259	13.5246	0.1060	Line	258.8234	13.5512
1	210.4	258.8234	13.5512	0.1060	Line	258.7320	13.4976
1	255.4	241.3061	9.2696	0.1060	Line	241.2795	9.1671
1	300.4	241.2795	9.1671	0.1060	Line	241.3332	9.0757
1	345.4	241.3332	9.0757	0.1060	Line	241.4358	9.0491
1	30.4	241.4358	9.0491	0.1060	Line	241.5271	9.1028
1	75.4	241.5271	9.1028	0.1060	Line	241.5538	9.2053
1	120.4	241.5538	9.2053	0.1060	Line	241.5001	9.2967
1	165.4	241.5001	9.2967	0.1060	Line	241.3975	9.3233
1	30.4	253.7779	12.8960	0.1060	Line	253.8693	12.9497
1	30.4	253.7438	3.1881	0.1060	Line	253.8352	3.2418
1	345.4	253.6754	12.9226	0.1060	Line	253.7779	12.8960
1	255.4	253.6483	13.1165	0.1060	Line	253.6217	13.0140
1	120.4	253.8618	3.3443	0.1060	Line	253.8081	3.4357
1	165.4	253.8081	3.4357	0.1060	Line	253.7055	3.4623
1	210.4	253.7055	3.4623	0.1060	Line	253.6142	3.4086
1	255.4	248.1008	15.8035	0.1060	Line	248.0741	15.7009
1	300.4	248.0741	15.7009	0.1060	Line	248.1278	15.6095
1	345.4	248.1278	15.6095	0.1060	Line	248.2304	15.5829
1	30.4	248.2304	15.5829	0.1060	Line	248.3217	15.6366
1	75.4	248.3217	15.6366	0.1060	Line	248.3484	15.7392
1	120.4	248.3484	15.7392	0.1060	Line	248.2947	15.8305
1	165.4	248.2947	15.8305	0.1060	Line	248.1921	15.8572
1	210.4	248.1921	15.8572	0.1060	Line	248.1008	15.8035
1	255.4	248.1348	15.2253	0.1060	Line	248.1082	15.1227
1	300.4	248.1082	15.1227	0.1060	Line	248.1619	15.0313
1	345.4	248.1619	15.0313	0.1060	Line	248.2644	15.0047
1	30.4	248.2644	15.0047	0.1060	Line	248.3558	15.0584
1	75.4	248.3558	15.0584	0.1060	Line	248.3824	15.1610
1	120.4	248.3824	15.1610	0.1060	Line	248.3287	15.2523
1	165.4	248.3287	15.2523	0.1060	Line	248.2261	15.2790
1	210.4	248.2261	15.2790	0.1060	Line	248.1348	15.2253
1	255.4	254.2609	13.5927	0.1060	Line	254.2343	13.4901
1	300.4	254.2343	13.4901	0.1060	Line	254.2880	13.3988
1	345.4	254.2880	13.3988	0.1060	Line	254.3906	13.3722
1	30.4	254.3906	13.3722	0.1060	Line	254.4819	13.4258
1	75.4	254.4819	13.4258	0.1060	Line	254.5085	13.5284
1	120.4	254.5085	13.5284	0.1060	Line	254.4548	13.6198
1	165.4	254.4548	13.6198	0.1060	Line	254.3523	13.6464
1	210.4	254.3523	13.6464	0.1060	Line	254.2609	13.5927
1	300.4	253.6217	13.0140	0.1060	Line	253.6754	12.9226
1	166.1	244.4149	16.3628	0.4652	Line	243.9633	16.4745
