Count	Angle	Start X	Start Y	Length	Name	End X	End Y
1	210.4	218.5585	18.2177	0.1060	Line	218.4672	18.1640
1	165.4	223.0634	11.8879	0.1060	Line	222.9609	11.9145
1	210.4	222.9609	11.9145	0.1060	Line	222.8695	11.8608
1	255.4	219.8285	4.5252	0.1060	Line	219.8019	4.4226
1	300.4	219.8019	4.4226	0.1060	Line	219.8556	4.3313
1	345.4	219.8556	4.3313	0.1060	Line	219.9582	4.3047
1	30.4	219.9582	4.3047	0.1060	Line	220.0495	4.3584
1	75.4	220.0495	4.3584	0.1060	Line	220.0762	4.4609
1	120.4	220.0762	4.4609	0.1060	Line	220.0225	4.5523
1	165.4	220.0225	4.5523	0.1060	Line	219.9199	4.5789
1	210.4	219.9199	4.5789	0.1060	Line	219.8285	4.5252
1	255.4	211.2519	9.7290	0.1060	Line	211.2253	9.6265
1	120.4	223.1171	11.7965	0.1060	Line	223.0634	11.8879
1	300.4	211.2253	9.6265	0.1060	Line	211.2790	9.5351
1	30.4	211.3816	9.5085	0.1060	Line	211.4729	9.5622
1	75.4	211.4729	9.5622	0.1060	Line	211.4996	9.6647
1	120.4	211.4996	9.6647	0.1060	Line	211.4459	9.7561
1	165.4	211.4459	9.7561	0.1060	Line	211.3433	9.7827
1	210.4	211.3433	9.7827	0.1060	Line	211.2519	9.7290
1	255.4	215.0978	11.0215	0.1060	Line	215.0712	10.9189
1	300.4	215.0712	10.9189	0.1060	Line	215.1249	10.8276
1	345.4	215.1249	10.8276	0.1060	Line	215.2274	10.8009
1	30.4	215.2274	10.8009	0.1060	Line	215.3188	10.8546
1	75.4	215.3188	10.8546	0.1060	Line	215.3454	10.9572
1	120.4	215.3454	10.9572	0.1060	Line	215.2917	11.0485
1	345.4	211.2790	9.5351	0.1060	Line	211.3816	9.5085
1	165.4	215.2917	11.0485	0.1060	Line	215.1892	11.0752
1	75.4	223.0905	11.6940	0.1060	Line	223.1171	11.7965
1	345.4	222.8966	11.6669	0.1060	Line	222.9991	11.6403
1	345.4	213.8316	7.4264	0.1060	Line	213.9341	7.3997
1	30.4	213.9341	7.3997	0.1060	Line	214.0255	7.4534
1	75.4	214.0255	7.4534	0.1060	Line	214.0521	7.5560
1	120.4	214.0521	7.5560	0.1060	Line	213.9984	7.6474
1	165.4	213.9984	7.6474	0.1060	Line	213.8959	7.6740
1	210.4	213.8959	7.6740	0.1060	Line	213.8045	7.6203
1	255.4	211.3881	14.5587	0.1060	Line	211.3615	14.4561
1	300.4	211.3615	14.4561	0.1060	Line	211.4152	14.3648
1	345.4	211.4152	14.3648	0.1060	Line	211.5177	14.3382
1	30.4	211.5177	14.3382	0.1060	Line	211.6091	14.3919
1	75.4	211.6091	14.3919	0.1060	Line	211.6357	14.4944
1	30.4	222.9991	11.6403	0.1060	Line	223.0905	11.6940
1	120.4	211.6357	14.4944	0.1060	Line	211.5820	14.5858
1	210.4	211.4794	14.6124	0.1060	Line	211.3881	14.5587
1	255.4	216.6634	15.5110	0.1060	Line	216.6367	15.4085
1	300.4	216.6367	15.4085	0.1060	Line	216.6904	15.3171
1	345.4	216.6904	15.3171	0.1060	Line	216.7930	15.2905
1	30.4	216.7930	15.2905	0.1060	Line	216.8844	15.3442
1	75.4	216.8844	15.3442	0.1060	Line	216.9110	15.4467
1	120.4	216.9110	15.4467	0.1060	Line	216.8573	15.5381
1	165.4	216.8573	15.5381	0.1060	Line	216.7547	15.5647
1	210.4	216.7547	15.5647	0.1060	Line	216.6634	15.5110
1	255.4	222.8695	11.8608	0.1060	Line	222.8429	11.7582
1	300.4	222.8429	11.7582	0.1060	Line	222.8966	11.6669
1	165.4	211.5820	14.5858	0.1060	Line	211.4794	14.6124
1	300.4	213.7779	7.5177	0.1060	Line	213.8316	7.4264
1	210.4	215.1892	11.0752	0.1060	Line	215.0978	11.0215
1	300.4	218.0321	17.2791	0.1060	Line	218.0858	17.1878
1	165.4	215.1215	4.4502	0.1060	Line	215.0190	4.4769
1	210.4	215.0190	4.4769	0.1060	Line	214.9276	4.4232
1	255.4	217.8886	12.6200	0.1060	Line	217.8620	12.5175
1	300.4	217.8620	12.5175	0.1060	Line	217.9157	12.4261
1	345.4	217.9157	12.4261	0.1060	Line	218.0182	12.3995
1	30.4	218.0182	12.3995	0.1060	Line	218.1096	12.4532
1	75.4	218.1096	12.4532	0.1060	Line	218.1362	12.5557
1	120.4	218.1362	12.5557	0.1060	Line	218.0825	12.6471
1	165.4	218.0825	12.6471	0.1060	Line	217.9800	12.6737
1	210.4	217.9800	12.6737	0.1060	Line	217.8886	12.6200
1	255.4	220.2370	12.3479	0.1060	Line	220.2103	12.2454
1	120.4	215.1752	4.3589	0.1060	Line	215.1215	4.4502
1	300.4	220.2103	12.2454	0.1060	Line	220.2640	12.1540
1	30.4	220.3666	12.1274	0.1060	Line	220.4579	12.1811
1	75.4	220.4579	12.1811	0.1060	Line	220.4846	12.2836
1	120.4	220.4846	12.2836	0.1060	Line	220.4309	12.3750
1	165.4	220.4309	12.3750	0.1060	Line	220.3283	12.4016
1	210.4	220.3283	12.4016	0.1060	Line	220.2370	12.3479
1	255.4	220.8836	3.6409	0.1060	Line	220.8570	3.5383
1	300.4	220.8570	3.5383	0.1060	Line	220.9107	3.4470
1	345.4	220.9107	3.4470	0.1060	Line	221.0132	3.4204
1	30.4	221.0132	3.4204	0.1060	Line	221.1046	3.4741
1	75.4	221.1046	3.4741	0.1060	Line	221.1312	3.5766
1	120.4	221.1312	3.5766	0.1060	Line	221.0775	3.6680
1	345.4	220.2640	12.1540	0.1060	Line	220.3666	12.1274
1	255.4	218.0588	17.3817	0.1060	Line	218.0321	17.2791
1	75.4	215.1486	4.2563	0.1060	Line	215.1752	4.3589
1	345.4	214.9547	4.2293	0.1060	Line	215.0573	4.2026
1	345.4	218.0858	17.1878	0.1060	Line	218.1884	17.1611
1	30.4	218.1884	17.1611	0.1060	Line	218.2798	17.2148
1	75.4	218.2798	17.2148	0.1060	Line	218.3064	17.3174
1	120.4	218.3064	17.3174	0.1060	Line	218.2527	17.4088
1	165.4	218.2527	17.4088	0.1060	Line	218.1501	17.4354
1	210.4	218.1501	17.4354	0.1060	Line	218.0588	17.3817
1	255.4	212.3070	18.4020	0.1060	Line	212.2804	18.2995
1	300.4	212.2804	18.2995	0.1060	Line	212.3341	18.2081
1	345.4	212.3341	18.2081	0.1060	Line	212.4366	18.1815
1	30.4	212.4366	18.1815	0.1060	Line	212.5280	18.2352
1	75.4	212.5280	18.2352	0.1060	Line	212.5546	18.3378
1	30.4	215.0573	4.2026	0.1060	Line	215.1486	4.2563
1	120.4	212.5546	18.3378	0.1060	Line	212.5009	18.4291
1	210.4	212.3984	18.4557	0.1060	Line	212.3070	18.4020
1	255.4	215.1318	10.4433	0.1060	Line	215.1052	10.3407
1	300.4	215.1052	10.3407	0.1060	Line	215.1589	10.2494
1	345.4	215.1589	10.2494	0.1060	Line	215.2615	10.2227
1	30.4	215.2615	10.2227	0.1060	Line	215.3528	10.2764
1	75.4	215.3528	10.2764	0.1060	Line	215.3794	10.3790
1	120.4	215.3794	10.3790	0.1060	Line	215.3258	10.4703
1	165.4	215.3258	10.4703	0.1060	Line	215.2232	10.4970
1	210.4	215.2232	10.4970	0.1060	Line	215.1318	10.4433
1	255.4	214.9276	4.4232	0.1060	Line	214.9010	4.3206
1	300.4	214.9010	4.3206	0.1060	Line	214.9547	4.2293
1	165.4	212.5009	18.4291	0.1060	Line	212.3984	18.4557
1	165.4	221.0775	3.6680	0.1060	Line	220.9750	3.6946
1	255.4	213.8045	7.6203	0.1060	Line	213.7779	7.5177
1	165.4	218.2527	7.5113	0.1060	Line	218.1501	7.5379
1	165.4	215.7410	6.2102	0.1060	Line	215.6384	6.2368
1	210.4	215.6384	6.2368	0.1060	Line	215.5471	6.1831
1	255.4	222.8443	16.3033	0.1060	Line	222.8177	16.2007
1	300.4	222.8177	16.2007	0.1060	Line	222.8714	16.1094
1	345.4	222.8714	16.1094	0.1060	Line	222.9740	16.0827
1	30.4	222.9740	16.0827	0.1060	Line	223.0653	16.1364
1	75.4	223.0653	16.1364	0.1060	Line	223.0920	16.2390
1	120.4	223.0920	16.2390	0.1060	Line	223.0383	16.3304
1	165.4	223.0383	16.3304	0.1060	Line	222.9357	16.3570
1	210.4	222.9357	16.3570	0.1060	Line	222.8443	16.3033
1	255.4	225.4186	6.7997	0.1060	Line	225.3920	6.6971
1	120.4	215.7947	6.1188	0.1060	Line	215.7410	6.2102
1	300.4	225.3920	6.6971	0.1060	Line	225.4457	6.6058
1	30.4	225.5482	6.5792	0.1060	Line	225.6396	6.6328
1	75.4	225.6396	6.6328	0.1060	Line	225.6662	6.7354
1	120.4	225.6662	6.7354	0.1060	Line	225.6125	6.8268
1	165.4	225.6125	6.8268	0.1060	Line	225.5099	6.8534
1	210.4	225.5099	6.8534	0.1060	Line	225.4186	6.7997
1	255.4	221.3977	11.7322	0.1060	Line	221.3710	11.6296
1	300.4	221.3710	11.6296	0.1060	Line	221.4247	11.5383
1	345.4	221.4247	11.5383	0.1060	Line	221.5273	11.5117
1	30.4	221.5273	11.5117	0.1060	Line	221.6186	11.5654
1	75.4	221.6186	11.5654	0.1060	Line	221.6453	11.6679
1	120.4	221.6453	11.6679	0.1060	Line	221.5916	11.7593
1	345.4	225.4457	6.6058	0.1060	Line	225.5482	6.5792
1	165.4	221.5916	11.7593	0.1060	Line	221.4890	11.7859
1	75.4	215.7681	6.0163	0.1060	Line	215.7947	6.1188
1	345.4	215.5742	5.9892	0.1060	Line	215.6767	5.9626
1	345.4	214.5720	14.4657	0.1060	Line	214.6745	14.4391
1	30.4	214.6745	14.4391	0.1060	Line	214.7659	14.4928
1	75.4	214.7659	14.4928	0.1060	Line	214.7925	14.5953
1	120.4	214.7925	14.5953	0.1060	Line	214.7388	14.6867
1	165.4	214.7388	14.6867	0.1060	Line	214.6362	14.7133
1	210.4	214.6362	14.7133	0.1060	Line	214.5449	14.6596
1	255.4	219.1062	10.4797	0.1060	Line	219.0796	10.3771
1	300.4	219.0796	10.3771	0.1060	Line	219.1333	10.2858
1	345.4	219.1333	10.2858	0.1060	Line	219.2359	10.2591
1	30.4	219.2359	10.2591	0.1060	Line	219.3272	10.3128
1	75.4	219.3272	10.3128	0.1060	Line	219.3538	10.4154
1	30.4	215.6767	5.9626	0.1060	Line	215.7681	6.0163
1	120.4	219.3538	10.4154	0.1060	Line	219.3001	10.5067
1	210.4	219.1976	10.5334	0.1060	Line	219.1062	10.4797
1	255.4	222.7592	11.7960	0.1060	Line	222.7326	11.6934
1	300.4	222.7326	11.6934	0.1060	Line	222.7863	11.6021
1	345.4	222.7863	11.6021	0.1060	Line	222.8889	11.5755
1	30.4	222.8889	11.5755	0.1060	Line	222.9802	11.6291
1	75.4	222.9802	11.6291	0.1060	Line	223.0069	11.7317
1	120.4	223.0069	11.7317	0.1060	Line	222.9532	11.8231
1	165.4	222.9532	11.8231	0.1060	Line	222.8506	11.8497
1	210.4	222.8506	11.8497	0.1060	Line	222.7592	11.7960
1	255.4	215.5471	6.1831	0.1060	Line	215.5205	6.0806
1	300.4	215.5205	6.0806	0.1060	Line	215.5742	5.9892
1	165.4	219.3001	10.5067	0.1060	Line	219.1976	10.5334
1	210.4	218.1501	7.5379	0.1060	Line	218.0588	7.4842
1	210.4	221.4890	11.7859	0.1060	Line	221.3977	11.7322
1	300.4	216.7331	11.5021	0.1060	Line	216.7868	11.4107
1	165.4	225.5020	15.4701	0.1060	Line	225.3994	15.4967
1	210.4	225.3994	15.4967	0.1060	Line	225.3080	15.4430
1	255.4	222.7214	5.6476	0.1060	Line	222.6948	5.5450
1	300.4	222.6948	5.5450	0.1060	Line	222.7485	5.4537
1	345.4	222.7485	5.4537	0.1060	Line	222.8511	5.4271
1	30.4	222.8511	5.4271	0.1060	Line	222.9424	5.4808
1	75.4	222.9424	5.4808	0.1060	Line	222.9691	5.5833
1	120.4	222.9691	5.5833	0.1060	Line	222.9154	5.6747
1	165.4	222.9154	5.6747	0.1060	Line	222.8128	5.7013
1	210.4	222.8128	5.7013	0.1060	Line	222.7214	5.6476
1	255.4	217.3441	14.0485	0.1060	Line	217.3174	13.9460
1	120.4	225.5557	15.3787	0.1060	Line	225.5020	15.4701
1	300.4	217.3174	13.9460	0.1060	Line	217.3711	13.8546
1	30.4	217.4737	13.8280	0.1060	Line	217.5650	13.8817
1	75.4	217.5650	13.8817	0.1060	Line	217.5917	13.9842
1	120.4	217.5917	13.9842	0.1060	Line	217.5380	14.0756
1	165.4	217.5380	14.0756	0.1060	Line	217.4354	14.1022
1	210.4	217.4354	14.1022	0.1060	Line	217.3441	14.0485
1	255.4	218.0588	7.4842	0.1060	Line	218.0321	7.3817
1	300.4	218.0321	7.3817	0.1060	Line	218.0858	7.2903
1	345.4	218.0858	7.2903	0.1060	Line	218.1884	7.2637
1	30.4	218.1884	7.2637	0.1060	Line	218.2798	7.3174
1	75.4	218.2798	7.3174	0.1060	Line	218.3064	7.4200
1	120.4	218.3064	7.4200	0.1060	Line	218.2527	7.5113
1	345.4	217.3711	13.8546	0.1060	Line	217.4737	13.8280
1	255.4	216.7598	11.6046	0.1060	Line	216.7331	11.5021
1	75.4	225.5290	15.2762	0.1060	Line	225.5557	15.3787
1	345.4	225.3351	15.2491	0.1060	Line	225.4377	15.2225
1	345.4	216.7868	11.4107	0.1060	Line	216.8894	11.3841
1	30.4	216.8894	11.3841	0.1060	Line	216.9807	11.4378
1	75.4	216.9807	11.4378	0.1060	Line	217.0074	11.5404
1	120.4	217.0074	11.5404	0.1060	Line	216.9537	11.6317
1	165.4	216.9537	11.6317	0.1060	Line	216.8511	11.6583
1	210.4	216.8511	11.6583	0.1060	Line	216.7598	11.6046
1	255.4	215.0791	8.3305	0.1060	Line	215.0524	8.2279
1	300.4	215.0524	8.2279	0.1060	Line	215.1061	8.1366
1	345.4	215.1061	8.1366	0.1060	Line	215.2087	8.1099
1	30.4	215.2087	8.1099	0.1060	Line	215.3000	8.1636
1	75.4	215.3000	8.1636	0.1060	Line	215.3267	8.2662
1	30.4	225.4377	15.2225	0.1060	Line	225.5290	15.2762
1	120.4	215.3267	8.2662	0.1060	Line	215.2730	8.3575
1	210.4	215.1704	8.3842	0.1060	Line	215.0791	8.3305
1	255.4	228.5673	3.9720	0.1060	Line	228.5406	3.8694
1	300.4	228.5406	3.8694	0.1060	Line	228.5943	3.7781
1	345.4	228.5943	3.7781	0.1060	Line	228.6969	3.7515
1	30.4	228.6969	3.7515	0.1060	Line	228.7882	3.8052
1	75.4	228.7882	3.8052	0.1060	Line	228.8149	3.9077
1	120.4	228.8149	3.9077	0.1060	Line	228.7612	3.9991
1	165.4	228.7612	3.9991	0.1060	Line	228.6586	4.0257
1	210.4	228.6586	4.0257	0.1060	Line	228.5673	3.9720
1	255.4	225.3080	15.4430	0.1060	Line	225.2814	15.3404
1	300.4	225.2814	15.3404	0.1060	Line	225.3351	15.2491
1	165.4	215.2730	8.3575	0.1060	Line	215.1704	8.3842
1	210.4	220.9750	3.6946	0.1060	Line	220.8836	3.6409
1	255.4	224.2190	5.1374	0.1060	Line	224.1923	5.0349
1	300.4	224.1923	5.0349	0.1060	Line	224.2460	4.9435
1	210.4	220.6006	15.7688	0.1060	Line	220.5092	15.7151
1	255.4	227.0778	9.7630	0.1060	Line	227.0512	9.6605
1	300.4	227.0512	9.6605	0.1060	Line	227.1049	9.5691
1	345.4	227.1049	9.5691	0.1060	Line	227.2074	9.5425
1	30.4	227.2074	9.5425	0.1060	Line	227.2988	9.5962
1	75.4	227.2988	9.5962	0.1060	Line	227.3254	9.6988
1	120.4	227.3254	9.6988	0.1060	Line	227.2717	9.7901
1	165.4	227.2717	9.7901	0.1060	Line	227.1692	9.8167
1	210.4	227.1692	9.8167	0.1060	Line	227.0778	9.7630
1	255.4	227.4182	13.6744	0.1060	Line	227.3915	13.5718
1	300.4	227.3915	13.5718	0.1060	Line	227.4452	13.4805
1	165.4	220.7031	15.7422	0.1060	Line	220.6006	15.7688
1	345.4	227.4452	13.4805	0.1060	Line	227.5478	13.4539
1	75.4	227.6391	13.5075	0.1060	Line	227.6658	13.6101
1	120.4	227.6658	13.6101	0.1060	Line	227.6121	13.7015
1	165.4	227.6121	13.7015	0.1060	Line	227.5095	13.7281
1	210.4	227.5095	13.7281	0.1060	Line	227.4182	13.6744
1	255.4	222.7214	14.1846	0.1060	Line	222.6948	14.0820
1	300.4	222.6948	14.0820	0.1060	Line	222.7485	13.9907
1	345.4	222.7485	13.9907	0.1060	Line	222.8511	13.9640
1	30.4	222.8511	13.9640	0.1060	Line	222.9424	14.0177
1	75.4	222.9424	14.0177	0.1060	Line	222.9691	14.1203
1	120.4	222.9691	14.1203	0.1060	Line	222.9154	14.2116
1	165.4	222.9154	14.2116	0.1060	Line	222.8128	14.2383
1	30.4	227.5478	13.4539	0.1060	Line	227.6391	13.5075
1	210.4	222.8128	14.2383	0.1060	Line	222.7214	14.1846
1	120.4	220.7568	15.6508	0.1060	Line	220.7031	15.7422
1	30.4	220.6389	15.4946	0.1060	Line	220.7302	15.5483
1	30.4	214.6489	17.8074	0.1060	Line	214.7402	17.8611
1	75.4	214.7402	17.8611	0.1060	Line	214.7668	17.9636
1	120.4	214.7668	17.9636	0.1060	Line	214.7131	18.0550
1	165.4	214.7131	18.0550	0.1060	Line	214.6106	18.0816
1	210.4	214.6106	18.0816	0.1060	Line	214.5192	18.0279
1	255.4	221.2580	8.8107	0.1060	Line	221.2314	8.7081
1	300.4	221.2314	8.7081	0.1060	Line	221.2851	8.6168
1	345.4	221.2851	8.6168	0.1060	Line	221.3876	8.5902
1	30.4	221.3876	8.5902	0.1060	Line	221.4790	8.6439
1	75.4	221.4790	8.6439	0.1060	Line	221.5056	8.7464
1	120.4	221.5056	8.7464	0.1060	Line	221.4519	8.8378
1	75.4	220.7302	15.5483	0.1060	Line	220.7568	15.6508
1	165.4	221.4519	8.8378	0.1060	Line	221.3493	8.8644
1	255.4	224.6954	13.5383	0.1060	Line	224.6688	13.4358
1	300.4	224.6688	13.4358	0.1060	Line	224.7225	13.3444
1	345.4	224.7225	13.3444	0.1060	Line	224.8251	13.3178
1	30.4	224.8251	13.3178	0.1060	Line	224.9164	13.3715
1	75.4	224.9164	13.3715	0.1060	Line	224.9430	13.4741
1	120.4	224.9430	13.4741	0.1060	Line	224.8893	13.5654
1	165.4	224.8893	13.5654	0.1060	Line	224.7868	13.5920
1	210.4	224.7868	13.5920	0.1060	Line	224.6954	13.5383
1	255.4	220.5092	15.7151	0.1060	Line	220.4826	15.6125
1	300.4	220.4826	15.6125	0.1060	Line	220.5363	15.5212
1	345.4	220.5363	15.5212	0.1060	Line	220.6389	15.4946
1	210.4	221.3493	8.8644	0.1060	Line	221.2580	8.8107
1	345.4	214.5463	17.8340	0.1060	Line	214.6489	17.8074
1	255.4	218.9096	15.7831	0.1060	Line	218.8830	15.6806
1	345.4	218.9367	15.5892	0.1060	Line	219.0393	15.5626
1	210.4	215.1895	8.2471	0.1060	Line	215.0982	8.1934
1	255.4	214.9925	4.3129	0.1060	Line	214.9658	4.2103
1	300.4	214.9658	4.2103	0.1060	Line	215.0195	4.1190
1	345.4	215.0195	4.1190	0.1060	Line	215.1221	4.0924
1	30.4	215.1221	4.0924	0.1060	Line	215.2134	4.1461
1	75.4	215.2134	4.1461	0.1060	Line	215.2401	4.2486
1	120.4	215.2401	4.2486	0.1060	Line	215.1864	4.3400
1	165.4	215.1864	4.3400	0.1060	Line	215.0838	4.3666
1	210.4	215.0838	4.3666	0.1060	Line	214.9925	4.3129
1	255.4	213.3364	5.9960	0.1060	Line	213.3098	5.8934
1	300.4	213.3098	5.8934	0.1060	Line	213.3635	5.8021
1	165.4	215.2921	8.2204	0.1060	Line	215.1895	8.2471
1	345.4	213.3635	5.8021	0.1060	Line	213.4661	5.7755
1	75.4	213.5574	5.8292	0.1060	Line	213.5840	5.9317
1	120.4	213.5840	5.9317	0.1060	Line	213.5303	6.0231
1	165.4	213.5303	6.0231	0.1060	Line	213.4278	6.0497
1	210.4	213.4278	6.0497	0.1060	Line	213.3364	5.9960
1	255.4	218.4672	18.1640	0.1060	Line	218.4406	18.0614
1	300.4	218.4406	18.0614	0.1060	Line	218.4943	17.9700
1	345.4	218.4943	17.9700	0.1060	Line	218.5968	17.9434
1	30.4	218.5968	17.9434	0.1060	Line	218.6882	17.9971
1	75.4	218.6882	17.9971	0.1060	Line	218.7148	18.0997
1	120.4	218.7148	18.0997	0.1060	Line	218.6611	18.1910
1	165.4	218.6611	18.1910	0.1060	Line	218.5585	18.2177
1	30.4	213.4661	5.7755	0.1060	Line	213.5574	5.8292
1	300.4	218.8830	15.6806	0.1060	Line	218.9367	15.5892
1	120.4	215.3458	8.1291	0.1060	Line	215.2921	8.2204
1	30.4	215.2278	7.9728	0.1060	Line	215.3192	8.0265
1	30.4	219.0393	15.5626	0.1060	Line	219.1306	15.6163
1	75.4	219.1306	15.6163	0.1060	Line	219.1572	15.7188
1	120.4	219.1572	15.7188	0.1060	Line	219.1035	15.8102
1	165.4	219.1035	15.8102	0.1060	Line	219.0010	15.8368
1	210.4	219.0010	15.8368	0.1060	Line	218.9096	15.7831
1	255.4	220.6454	8.3345	0.1060	Line	220.6187	8.2320
1	300.4	220.6187	8.2320	0.1060	Line	220.6724	8.1406
1	345.4	220.6724	8.1406	0.1060	Line	220.7750	8.1140
1	30.4	220.7750	8.1140	0.1060	Line	220.8664	8.1677
1	75.4	220.8664	8.1677	0.1060	Line	220.8930	8.2703
1	120.4	220.8930	8.2703	0.1060	Line	220.8393	8.3616
1	75.4	215.3192	8.0265	0.1060	Line	215.3458	8.1291
1	165.4	220.8393	8.3616	0.1060	Line	220.7367	8.3882
1	255.4	214.8255	3.7429	0.1060	Line	214.7989	3.6404
1	300.4	214.7989	3.6404	0.1060	Line	214.8526	3.5490
1	345.4	214.8526	3.5490	0.1060	Line	214.9552	3.5224
1	30.4	214.9552	3.5224	0.1060	Line	215.0465	3.5761
1	75.4	215.0465	3.5761	0.1060	Line	215.0731	3.6787
1	120.4	215.0731	3.6787	0.1060	Line	215.0194	3.7700
1	165.4	215.0194	3.7700	0.1060	Line	214.9169	3.7966
1	210.4	214.9169	3.7966	0.1060	Line	214.8255	3.7429
1	255.4	215.0982	8.1934	0.1060	Line	215.0716	8.0908
1	300.4	215.0716	8.0908	0.1060	Line	215.1253	7.9994
1	345.4	215.1253	7.9994	0.1060	Line	215.2278	7.9728
1	210.4	220.7367	8.3882	0.1060	Line	220.6454	8.3345
1	300.4	214.4926	17.9253	0.1060	Line	214.5463	17.8340
1	255.4	214.5192	18.0279	0.1060	Line	214.4926	17.9253
1	210.4	213.9980	16.0749	0.1060	Line	213.9066	16.0212
1	165.4	222.0985	13.7355	0.1060	Line	221.9960	13.7621
1	210.4	221.9960	13.7621	0.1060	Line	221.9046	13.7084
1	255.4	224.9337	12.4160	0.1060	Line	224.9070	12.3134
1	300.4	224.9070	12.3134	0.1060	Line	224.9607	12.2220
1	345.4	224.9607	12.2220	0.1060	Line	225.0633	12.1954
1	30.4	225.0633	12.1954	0.1060	Line	225.1547	12.2491
1	75.4	225.1547	12.2491	0.1060	Line	225.1813	12.3517
1	120.4	225.1813	12.3517	0.1060	Line	225.1276	12.4430
1	165.4	225.1276	12.4430	0.1060	Line	225.0250	12.4697
1	210.4	225.0250	12.4697	0.1060	Line	224.9337	12.4160
1	255.4	225.2059	16.2253	0.1060	Line	225.1793	16.1227
1	120.4	222.1522	13.6441	0.1060	Line	222.0985	13.7355
1	300.4	225.1793	16.1227	0.1060	Line	225.2330	16.0314
1	30.4	225.3356	16.0047	0.1060	Line	225.4269	16.0584
1	75.4	225.4269	16.0584	0.1060	Line	225.4536	16.1610
1	120.4	225.4536	16.1610	0.1060	Line	225.3999	16.2523
1	165.4	225.3999	16.2523	0.1060	Line	225.2973	16.2790
1	210.4	225.2973	16.2790	0.1060	Line	225.2059	16.2253
1	255.4	224.3551	2.2464	0.1060	Line	224.3285	2.1439
1	300.4	224.3285	2.1439	0.1060	Line	224.3822	2.0525
1	345.4	224.3822	2.0525	0.1060	Line	224.4847	2.0259
1	30.4	224.4847	2.0259	0.1060	Line	224.5761	2.0796
1	75.4	224.5761	2.0796	0.1060	Line	224.6027	2.1821
1	120.4	224.6027	2.1821	0.1060	Line	224.5490	2.2735
1	345.4	225.2330	16.0314	0.1060	Line	225.3356	16.0047
1	165.4	224.5490	2.2735	0.1060	Line	224.4464	2.3001
1	75.4	222.1256	13.5416	0.1060	Line	222.1522	13.6441
1	345.4	221.9317	13.5145	0.1060	Line	222.0343	13.4879
1	345.4	224.2460	4.9435	0.1060	Line	224.3486	4.9169
1	30.4	224.3486	4.9169	0.1060	Line	224.4399	4.9706
1	75.4	224.4399	4.9706	0.1060	Line	224.4666	5.0731
1	120.4	224.4666	5.0731	0.1060	Line	224.4129	5.1645
1	165.4	224.4129	5.1645	0.1060	Line	224.3103	5.1911
1	210.4	224.3103	5.1911	0.1060	Line	224.2190	5.1374
1	255.4	226.7034	17.8919	0.1060	Line	226.6768	17.7893
1	300.4	226.6768	17.7893	0.1060	Line	226.7305	17.6979
1	345.4	226.7305	17.6979	0.1060	Line	226.8331	17.6713
1	30.4	226.8331	17.6713	0.1060	Line	226.9244	17.7250
1	75.4	226.9244	17.7250	0.1060	Line	226.9511	17.8276
1	30.4	222.0343	13.4879	0.1060	Line	222.1256	13.5416
1	120.4	226.9511	17.8276	0.1060	Line	226.8974	17.9189
1	210.4	226.7948	17.9456	0.1060	Line	226.7034	17.8919
1	255.4	217.9485	17.3169	0.1060	Line	217.9219	17.2143
1	300.4	217.9219	17.2143	0.1060	Line	217.9756	17.1230
1	345.4	217.9756	17.1230	0.1060	Line	218.0781	17.0963
1	30.4	218.0781	17.0963	0.1060	Line	218.1695	17.1500
1	75.4	218.1695	17.1500	0.1060	Line	218.1961	17.2526
1	120.4	218.1961	17.2526	0.1060	Line	218.1424	17.3439
1	165.4	218.1424	17.3439	0.1060	Line	218.0399	17.3706
1	210.4	218.0399	17.3706	0.1060	Line	217.9485	17.3169
1	255.4	221.9046	13.7084	0.1060	Line	221.8780	13.6058
1	300.4	221.8780	13.6058	0.1060	Line	221.9317	13.5145
1	165.4	226.8974	17.9189	0.1060	Line	226.7948	17.9456
1	210.4	224.4464	2.3001	0.1060	Line	224.3551	2.2464
1	255.4	220.6113	13.6064	0.1060	Line	220.5847	13.5038
1	300.4	220.5847	13.5038	0.1060	Line	220.6384	13.4125
1	210.4	218.0904	12.5903	0.1060	Line	217.9991	12.5366
1	255.4	212.5112	14.0145	0.1060	Line	212.4846	13.9119
1	300.4	212.4846	13.9119	0.1060	Line	212.5383	13.8206
1	345.4	212.5383	13.8206	0.1060	Line	212.6408	13.7940
1	30.4	212.6408	13.7940	0.1060	Line	212.7322	13.8477
1	75.4	212.7322	13.8477	0.1060	Line	212.7588	13.9502
1	120.4	212.7588	13.9502	0.1060	Line	212.7051	14.0416
1	165.4	212.7051	14.0416	0.1060	Line	212.6026	14.0682
1	210.4	212.6026	14.0682	0.1060	Line	212.5112	14.0145
1	255.4	214.0082	12.5175	0.1060	Line	213.9816	12.4150
1	300.4	213.9816	12.4150	0.1060	Line	214.0353	12.3236
1	165.4	218.1930	12.5637	0.1060	Line	218.0904	12.5903
1	345.4	214.0353	12.3236	0.1060	Line	214.1378	12.2970
1	75.4	214.2292	12.3507	0.1060	Line	214.2558	12.4533
1	120.4	214.2558	12.4533	0.1060	Line	214.2021	12.5446
1	165.4	214.2021	12.5446	0.1060	Line	214.0995	12.5712
1	210.4	214.0995	12.5712	0.1060	Line	214.0082	12.5175
1	255.4	213.9066	16.0212	0.1060	Line	213.8800	15.9186
1	300.4	213.8800	15.9186	0.1060	Line	213.9337	15.8273
1	345.4	213.9337	15.8273	0.1060	Line	214.0362	15.8007
1	30.4	214.0362	15.8007	0.1060	Line	214.1276	15.8544
1	75.4	214.1276	15.8544	0.1060	Line	214.1542	15.9569
1	120.4	214.1542	15.9569	0.1060	Line	214.1005	16.0483
1	165.4	214.1005	16.0483	0.1060	Line	213.9980	16.0749
1	30.4	214.1378	12.2970	0.1060	Line	214.2292	12.3507
1	120.4	218.2467	12.4723	0.1060	Line	218.1930	12.5637
1	75.4	218.2201	12.3698	0.1060	Line	218.2467	12.4723
1	30.4	218.1287	12.3161	0.1060	Line	218.2201	12.3698
1	345.4	220.6384	13.4125	0.1060	Line	220.7410	13.3858
1	30.4	220.7410	13.3858	0.1060	Line	220.8323	13.4395
1	75.4	220.8323	13.4395	0.1060	Line	220.8589	13.5421
1	120.4	220.8589	13.5421	0.1060	Line	220.8052	13.6334
1	165.4	220.8052	13.6334	0.1060	Line	220.7027	13.6601
1	210.4	220.7027	13.6601	0.1060	Line	220.6113	13.6064
1	255.4	220.5433	17.1776	0.1060	Line	220.5166	17.0750
1	300.4	220.5166	17.0750	0.1060	Line	220.5703	16.9837
1	345.4	220.5703	16.9837	0.1060	Line	220.6729	16.9571
1	30.4	220.6729	16.9571	0.1060	Line	220.7642	17.0108
1	75.4	220.7642	17.0108	0.1060	Line	220.7909	17.1133
1	120.4	220.7909	17.1133	0.1060	Line	220.7372	17.2047
1	165.4	220.7372	17.2047	0.1060	Line	220.6346	17.2313
1	210.4	220.6346	17.2313	0.1060	Line	220.5433	17.1776
1	255.4	218.5693	16.5314	0.1060	Line	218.5427	16.4288
1	300.4	218.5427	16.4288	0.1060	Line	218.5964	16.3375
1	345.4	218.5964	16.3375	0.1060	Line	218.6989	16.3108
1	30.4	218.6989	16.3108	0.1060	Line	218.7903	16.3645
1	75.4	218.7903	16.3645	0.1060	Line	218.8169	16.4671
1	120.4	218.8169	16.4671	0.1060	Line	218.7632	16.5585
1	165.4	218.7632	16.5585	0.1060	Line	218.6606	16.5851
1	210.4	218.6606	16.5851	0.1060	Line	218.5693	16.5314
1	255.4	217.9991	12.5366	0.1060	Line	217.9725	12.4340
1	300.4	217.9725	12.4340	0.1060	Line	218.0262	12.3427
1	345.4	218.0262	12.3427	0.1060	Line	218.1287	12.3161
1	300.4	214.5183	14.5570	0.1060	Line	214.5720	14.4657
1	255.4	214.5449	14.6596	0.1060	Line	214.5183	14.5570
