Count	Angle	Start X	Start Y	Length	Name	End X	End Y
1	135.9	46.1540	0.9794	0.8094	Line	45.5724	1.5423
1	346.4	43.8214	15.7440	1.3754	Line	45.1585	15.4214
1	168.3	44.0692	17.4834	1.0140	Line	43.0761	17.6883
1	153.3	43.0761	17.6883	1.0110	Line	42.1731	18.1431
1	137.2	42.1731	18.1431	1.0142	Line	41.4288	18.8320
1	222.8	41.4288	18.8320	1.0142	Line	40.6844	18.1431
1	206.7	40.6844	18.1431	1.0110	Line	39.7814	17.6883
1	191.7	39.7814	17.6883	1.0140	Line	38.7883	17.4834
1	226.5	33.8453	10.8635	0.8395	Line	33.2677	10.2542
1	188.7	33.2677	10.2542	0.8105	Line	32.4665	10.1322
1	147.3	32.4665	10.1322	0.8319	Line	31.7665	10.5817
1	115.6	31.7665	10.5817	0.8305	Line	31.4075	11.3307
1	74.9	31.4075	11.3307	0.8184	Line	31.6207	12.1208
1	44.4	31.6207	12.1208	0.8405	Line	32.2207	12.7094
1	168.0	33.1554	12.8651	0.7168	Line	32.4542	13.0136
1	128.6	32.4542	13.0136	0.7065	Line	32.0133	13.5657
1	90.0	32.0133	13.5657	0.6983	Line	32.0133	14.2640
1	46.1	32.0133	14.2640	0.7122	Line	32.5068	14.7775
1	0.7	32.5068	14.7775	0.7013	Line	33.2081	14.7856
1	324.1	33.2081	14.7856	0.7195	Line	33.7906	14.3633
1	335.8	42.5667	16.3088	1.3760	Line	43.8214	15.7440
1	87.4	33.9117	14.8735	0.7042	Line	33.9432	15.5770
1	325.8	41.4288	17.0819	1.3757	Line	42.5667	16.3088
1	24.2	39.0361	15.7440	1.3760	Line	40.2909	16.3088
1	90.0	35.0248	10.0850	1.1787	Line	35.0248	11.2638
1	137.0	35.0248	11.2638	0.9130	Line	34.3572	11.8865
1	49.2	35.0248	11.2638	0.8518	Line	35.5812	11.9088
1	90.0	44.4785	0.7714	1.1787	Line	44.4785	1.9501
1	137.0	44.4785	1.9501	0.9130	Line	43.8109	2.5729
1	49.2	44.4785	1.9501	0.8518	Line	45.0349	2.5951
1	13.6	31.3395	4.1544	1.7229	Line	33.0143	4.5585
1	24.2	33.0143	4.5585	1.7236	Line	34.5860	5.2660
1	34.2	34.5860	5.2660	1.7232	Line	36.0114	6.2344
1	325.8	36.0114	6.2344	1.7232	Line	37.4368	5.2660
1	335.8	37.4368	5.2660	1.7236	Line	39.0085	4.5585
1	346.4	39.0085	4.5585	1.7229	Line	40.6833	4.1544
1	11.7	32.7039	6.7373	1.2702	Line	33.9479	6.9939
1	26.7	33.9479	6.9939	1.2664	Line	35.0790	7.5635
1	42.8	35.0790	7.5635	1.2705	Line	36.0114	8.4265
1	317.2	36.0114	8.4265	1.2705	Line	36.9438	7.5635
1	333.3	36.9438	7.5635	1.2664	Line	38.0749	6.9939
1	348.3	38.0749	6.9939	1.2702	Line	39.3189	6.7373
1	13.6	37.6991	15.4214	1.3754	Line	39.0361	15.7440
1	34.2	40.2909	16.3088	1.3757	Line	41.4288	17.0819
1	57.4	33.9432	15.5770	0.6951	Line	34.3176	16.1627
1	14.3	34.3176	16.1627	0.6939	Line	34.9901	16.3340
1	340.7	34.9901	16.3340	0.6996	Line	35.6503	16.1028
1	0.7	41.9604	5.4639	0.7013	Line	42.6617	5.4719
1	324.1	42.6617	5.4719	0.7195	Line	43.2443	5.0497
1	87.4	43.3654	5.5598	0.7042	Line	43.3969	6.2634
1	57.4	43.3969	6.2634	0.6951	Line	43.7713	6.8490
1	14.3	43.7713	6.8490	0.6939	Line	44.4437	7.0203
1	340.7	44.4437	7.0203	0.6996	Line	45.1040	6.7891
1	301.8	45.1040	6.7891	0.6877	Line	45.4666	6.2048
1	270.0	45.4666	6.2048	0.6728	Line	45.4666	5.5319
1	38.0	45.6599	5.0584	0.7061	Line	46.2162	5.4934
1	0.0	46.2162	5.4934	0.6771	Line	46.8933	5.4934
1	315.9	46.8933	5.4934	0.7000	Line	47.3958	5.0061
1	270.7	47.3958	5.0061	0.6932	Line	47.4038	4.3130
1	234.6	47.4038	4.3130	0.6974	Line	47.0001	3.7443
1	195.1	47.0001	3.7443	0.6990	Line	46.3251	3.5627
1	325.5	47.1216	3.3091	0.8113	Line	47.7904	2.8499
1	283.3	47.7904	2.8499	0.7830	Line	47.9708	2.0880
1	244.4	47.9708	2.0880	0.8064	Line	47.6219	1.3610
1	212.9	47.6219	1.3610	0.8029	Line	46.9476	0.9253
1	176.1	46.9476	0.9253	0.7954	Line	46.1540	0.9794
1	45.8	41.4708	4.9606	0.7021	Line	41.9604	5.4639
1	89.7	41.4670	4.2521	0.7086	Line	41.4708	4.9606
1	128.6	41.9079	3.7000	0.7065	Line	41.4670	4.2521
1	168.0	42.6091	3.5514	0.7168	Line	41.9079	3.7000
1	301.8	35.6503	16.1028	0.6877	Line	36.0129	15.5184
1	270.0	36.0129	15.5184	0.6728	Line	36.0129	14.8456
1	38.0	36.2062	14.3721	0.7061	Line	36.7625	14.8071
1	359.8	36.7625	14.8071	0.6831	Line	37.4456	14.8043
1	315.7	37.4456	14.8043	0.6938	Line	37.9421	14.3198
1	270.7	37.9421	14.3198	0.6932	Line	37.9501	13.6266
1	234.6	37.9501	13.6266	0.6974	Line	37.5464	13.0579
1	195.1	37.5464	13.0579	0.6990	Line	36.8714	12.8764
1	325.5	37.6679	12.6227	0.8113	Line	38.3368	12.1636
1	90.0	41.4288	13.7565	6.0457	Line	41.4288	19.8022
1	283.3	38.3368	12.1636	0.7830	Line	38.5171	11.4016
1	212.9	38.1682	10.6746	0.8029	Line	37.4939	10.2389
1	176.1	37.4939	10.2389	0.7954	Line	36.7003	10.2930
1	135.9	36.7003	10.2930	0.8094	Line	36.1187	10.8559
1	226.5	43.2990	1.5498	0.8395	Line	42.7214	0.9406
1	188.7	42.7214	0.9406	0.8105	Line	41.9202	0.8186
1	147.3	41.9202	0.8186	0.8319	Line	41.2202	1.2681
1	115.6	41.2202	1.2681	0.8305	Line	40.8612	2.0171
1	74.9	40.8612	2.0171	0.8184	Line	41.0744	2.8072
1	44.4	41.0744	2.8072	0.8405	Line	41.6744	3.3958
1	244.4	38.5171	11.4016	0.8064	Line	38.1682	10.6746
1	90.0	36.0114	2.0689	7.5729	Line	36.0114	9.6418
