Count	Angle	Start X	Start Y	Length	Name	End X	End Y
1	348.3	14.8957	9.1183	1.2702	Line	16.1397	8.8616
1	34.2	11.4069	7.3903	1.7232	Line	12.8323	8.3587
1	24.2	9.8352	6.6828	1.7236	Line	11.4069	7.3903
1	13.6	8.1604	6.2787	1.7229	Line	9.8352	6.6828
1	145.8	7.3609	3.6160	1.3757	Line	6.2230	4.3891
1	155.8	8.6157	3.0512	1.3760	Line	7.3609	3.6160
1	166.4	9.9527	2.7286	1.3754	Line	8.6157	3.0512
1	137.2	6.9674	5.4502	1.0142	Line	6.2230	6.1392
1	222.8	12.8323	10.5509	1.2705	Line	11.8999	9.6879
1	153.3	7.8703	4.9954	1.0110	Line	6.9674	5.4502
1	34.2	5.0851	3.6160	1.3757	Line	6.2230	4.3891
1	24.2	3.8304	3.0512	1.3760	Line	5.0851	3.6160
1	13.6	2.4933	2.7286	1.3754	Line	3.8304	3.0512
1	42.8	5.4787	5.4502	1.0142	Line	6.2230	6.1392
1	26.7	4.5757	4.9954	1.0110	Line	5.4787	5.4502
1	11.7	3.5826	4.7906	1.0140	Line	4.5757	4.9954
1	90.0	10.1780	12.8968	6.0457	Line	10.1780	18.9425
1	168.3	8.8635	4.7906	1.0140	Line	7.8703	4.9954
1	270.0	12.8323	11.7661	7.5729	Line	12.8323	4.1932
1	206.7	11.8999	9.6879	1.2664	Line	10.7688	9.1183
1	222.8	10.1780	17.9723	1.0142	Line	9.4337	17.2833
1	333.3	13.7647	9.6879	1.2664	Line	14.8957	9.1183
1	317.2	12.8323	10.5509	1.2705	Line	13.7647	9.6879
1	145.8	14.2576	7.3903	1.7232	Line	12.8323	8.3587
1	155.8	15.8294	6.6828	1.7236	Line	14.2576	7.3903
1	166.4	17.5042	6.2787	1.7229	Line	15.8294	6.6828
1	346.4	12.5707	14.8843	1.3754	Line	13.9077	14.5617
1	335.8	11.3159	15.4491	1.3760	Line	12.5707	14.8843
1	191.7	10.7688	9.1183	1.2702	Line	9.5248	8.8616
1	325.8	10.1780	16.2222	1.3757	Line	11.3159	15.4491
1	333.3	10.9224	17.2833	1.0110	Line	11.8253	16.8286
1	317.2	10.1780	17.9723	1.0142	Line	10.9224	17.2833
1	193.6	7.7854	14.8843	1.3754	Line	6.4483	14.5617
1	204.2	9.0401	15.4491	1.3760	Line	7.7854	14.8843
1	214.2	10.1780	16.2222	1.3757	Line	9.0401	15.4491
1	191.7	8.5307	16.8286	1.0140	Line	7.5376	16.6237
1	206.7	9.4337	17.2833	1.0110	Line	8.5307	16.8286
1	348.3	11.8253	16.8286	1.0140	Line	12.8184	16.6237
1	270.0	6.2230	7.1093	6.0457	Line	6.2230	1.0637
