Count	Angle	Start X	Start Y	Length	Name	End X	End Y
1	0.0	168.0165	8.5368	1.4742	Line	169.4907	8.5368
1	68.6	152.6370	7.9829	0.5390	Line	152.8338	8.4848
1	359.2	151.1441	8.0033	1.4930	Line	152.6370	7.9829
1	89.2	157.1299	7.5682	0.7462	Line	157.1407	8.3143
1	289.9	155.9179	8.2927	1.0468	Line	156.2750	7.3086
1	60.2	160.2904	10.2495	0.7948	Line	160.6856	10.9391
1	67.2	159.9353	9.4060	0.9152	Line	160.2904	10.2495
1	82.6	159.8147	8.4822	0.9317	Line	159.9353	9.4060
1	71.0	159.5066	7.5851	0.9485	Line	159.8147	8.4822
1	285.7	159.2654	8.4420	0.8902	Line	159.5066	7.5851
1	322.6	158.4118	9.0936	1.0739	Line	159.2654	8.4420
1	315.0	157.5635	9.9418	1.1997	Line	158.4118	9.0936
1	352.2	157.1712	9.9957	0.3960	Line	157.5635	9.9418
1	312.5	156.8316	10.3669	0.5032	Line	157.1712	9.9957
1	280.9	156.8528	11.6503	1.6850	Line	157.1712	9.9957
1	269.2	156.8740	13.0822	1.4320	Line	156.8528	11.6503
1	220.1	159.2652	12.3389	1.2090	Line	158.3403	11.5602
1	270.0	159.2652	12.6867	0.3478	Line	159.2652	12.3389
1	246.3	159.9085	14.1515	1.5999	Line	159.2652	12.6867
1	253.1	160.1299	14.8787	0.7601	Line	159.9085	14.1515
1	90.1	158.3408	11.1798	4.0141	Line	158.3358	15.1939
1	141.9	158.7002	10.8978	0.4569	Line	158.3408	11.1798
1	35.0	152.8338	8.4848	0.4969	Line	153.2410	8.7696
1	80.4	158.4214	9.2419	1.6792	Line	158.7002	10.8978
1	0.0	153.2410	8.7696	0.3597	Line	153.6006	8.7696
1	282.5	153.9670	8.5187	0.5627	Line	154.0892	7.9694
1	90.0	168.0165	8.3536	0.1833	Line	168.0165	8.5368
1	57.4	167.6780	7.8249	0.6278	Line	168.0165	8.3536
1	11.0	167.2054	7.7333	0.4814	Line	167.6780	7.8249
1	329.5	166.7751	7.9870	0.4995	Line	167.2054	7.7333
1	289.9	166.5918	8.4945	0.5396	Line	166.7751	7.9870
1	0.0	165.2446	8.4945	1.3472	Line	166.5918	8.4945
1	0.0	164.8598	9.7632	1.3560	Line	166.2158	9.7632
1	270.0	164.8598	10.1724	0.4092	Line	164.8598	9.7632
1	315.0	164.5423	10.4899	0.4490	Line	164.8598	10.1724
1	0.0	164.0473	10.4899	0.4950	Line	164.5423	10.4899
1	16.7	163.7844	10.4111	0.2744	Line	164.0473	10.4899
1	64.6	163.4866	9.7850	0.6933	Line	163.7844	10.4111
1	0.7	161.9752	9.7675	1.5115	Line	163.4866	9.7850
1	0.0	157.2367	6.7730	1.4402	Line	158.6769	6.7737
1	72.4	157.0707	6.2513	0.5475	Line	157.2367	6.7730
1	38.6	156.6825	5.9409	0.4970	Line	157.0707	6.2513
1	0.0	156.2942	5.9409	0.3882	Line	156.6825	5.9409
1	321.9	155.9182	6.2355	0.4777	Line	156.2942	5.9409
1	280.5	155.8297	6.7117	0.4844	Line	155.9182	6.2355
1	359.7	154.3933	6.7185	1.4365	Line	155.8297	6.7117
1	0.0	154.0892	7.9694	1.3165	Line	155.4056	7.9694
1	325.6	153.6006	8.7696	0.4441	Line	153.9670	8.5187
1	86.3	158.3162	7.6123	1.6330	Line	158.4214	9.2419
