Count	Angle	Start X	Start Y	Length	Name	End X	End Y
1	138.5	195.9701	5.3644	2.1338	Line	194.3730	6.7794
1	0.0	188.8844	11.2135	1.6826	Line	190.5670	11.2135
1	0.4	183.0248	10.4257	1.6473	Line	184.6721	10.4375
1	0.0	185.4863	14.8613	2.0843	Line	187.5706	14.8613
1	0.8	187.8429	14.3288	1.7410	Line	189.5838	14.3524
1	343.1	186.3250	8.4250	2.8514	Line	189.0532	7.5959
1	36.9	189.0532	7.5959	0.9341	Line	189.8006	8.1561
1	0.2	185.4344	4.8354	2.2268	Line	187.6612	4.8430
1	0.0	187.8568	4.3092	1.7227	Line	189.5795	4.3092
1	359.7	191.4826	5.6762	2.0767	Line	193.5593	5.6641
1	0.4	193.8491	5.1332	1.6662	Line	195.5152	5.1453
1	59.2	189.4379	8.9699	0.4611	Line	189.6741	9.3659
1	32.5	189.6741	9.3659	0.4967	Line	190.0932	9.6325
1	3.3	190.0932	9.6325	4.3804	Line	194.4664	9.8851
1	325.8	194.4664	9.8851	0.4175	Line	194.8116	9.6504
1	295.3	194.8116	9.6504	0.3923	Line	194.9794	9.2958
1	256.5	194.9794	9.2958	0.2661	Line	194.9171	9.0371
1	225.0	194.9171	9.0371	0.4236	Line	194.6175	8.7375
1	191.5	194.6175	8.7375	1.6417	Line	193.0089	8.4094
1	357.3	194.6175	8.7375	1.4203	Line	196.0362	8.6708
1	315.0	196.0362	8.6708	0.5321	Line	196.4125	8.2946
1	278.9	196.4125	8.2946	0.5702	Line	196.5007	7.7312
1	254.1	196.5007	7.7312	0.7267	Line	196.3016	7.0323
1	197.1	196.3016	7.0323	0.5129	Line	195.8113	6.8816
1	184.1	195.8113	6.8816	2.1980	Line	193.6188	6.7258
1	218.1	193.6188	6.7258	0.7744	Line	193.0094	6.2479
1	162.9	197.4890	4.9240	0.4282	Line	197.0797	5.0498
1	164.2	197.0797	5.0498	1.1534	Line	195.9701	5.3644
1	0.0	186.5429	11.7427	2.0709	Line	188.6138	11.7427
1	0.3	180.7470	10.9810	1.9711	Line	182.7181	10.9901
