Count	Angle	Start X	Start Y	Length	Name	End X	End Y
1	92.0	105.7741	3.5819	1.8943	Line	105.7085	5.4751
1	329.2	93.5711	7.8982	0.6480	Line	94.1276	7.5663
1	32.7	95.4460	7.5098	0.6191	Line	95.9672	7.8439
1	5.1	95.9672	7.8439	1.0807	Line	97.0437	7.9401
1	60.9	97.0437	7.9401	1.5881	Line	97.8150	9.3283
1	27.7	97.8150	9.3283	1.2451	Line	98.9169	9.9079
1	0.0	98.9169	9.9079	1.6094	Line	100.5263	9.9079
1	19.8	100.5263	9.9079	1.1098	Line	101.5703	10.2846
1	320.0	101.5703	10.2846	1.1392	Line	102.4424	9.5517
1	270.0	102.4424	9.5517	1.1625	Line	102.4424	8.3892
1	334.1	102.4424	8.3892	0.7616	Line	103.1273	8.0560
1	0.0	103.1273	8.0560	0.7427	Line	103.8700	8.0560
1	35.2	103.8700	8.0560	0.5286	Line	104.3018	8.3609
1	83.9	99.8205	7.9916	1.9273	Line	100.0263	9.9079
1	92.0	101.0896	8.1943	1.8943	Line	101.0239	10.0875
1	355.3	96.7727	3.0412	0.7314	Line	97.5016	2.9808
1	22.0	97.5016	2.9808	0.8133	Line	98.2556	3.2858
1	329.2	98.2556	3.2858	0.6480	Line	98.8121	2.9539
1	32.7	100.1305	2.8974	0.6191	Line	100.6518	3.2315
1	5.1	100.6518	3.2315	1.0807	Line	101.7282	3.3277
1	60.9	101.7282	3.3277	1.5881	Line	102.4995	4.7159
1	27.7	102.4995	4.7159	1.2451	Line	103.6015	5.2955
1	0.0	103.6015	5.2955	1.6094	Line	105.2109	5.2955
1	19.8	105.2109	5.2955	1.1098	Line	106.2548	5.6723
1	320.0	106.2548	5.6723	1.1392	Line	107.1269	4.9394
1	270.0	107.1269	4.9394	1.1625	Line	107.1269	3.7769
1	334.1	107.1269	3.7769	0.7616	Line	107.8118	3.4436
1	0.0	107.8118	3.4436	0.7427	Line	108.5545	3.4436
1	35.2	108.5545	3.4436	0.5286	Line	108.9863	3.7486
1	83.9	104.5051	3.3792	1.9273	Line	104.7109	5.2955
1	22.0	92.8171	7.5932	0.8133	Line	93.5711	7.8982
1	355.3	92.0881	7.6536	0.7314	Line	92.8171	7.5932
