Count	Angle	Start X	Start Y	Length	Name	End X	End Y
1	87.4	76.8048	2.5107	0.2572	Line	76.8163	2.7676
1	115.6	61.7665	10.5817	0.8305	Line	61.4075	11.3307
1	74.9	61.4075	11.3307	0.8184	Line	61.6207	12.1208
1	44.4	61.6207	12.1208	0.8405	Line	62.2207	12.7094
1	168.0	63.1554	12.8651	0.7168	Line	62.4542	13.0136
1	128.6	62.4542	13.0136	0.7065	Line	62.0133	13.5657
1	90.0	62.0133	13.5657	0.6983	Line	62.0133	14.2640
1	46.1	62.0133	14.2640	0.7122	Line	62.5068	14.7775
1	0.0	62.5068	14.7775	0.7193	Line	63.2261	14.7775
1	323.7	63.2261	14.7775	0.7002	Line	63.7906	14.3633
1	87.4	63.9117	14.8735	0.7042	Line	63.9432	15.5770
1	57.4	63.9432	15.5770	0.6951	Line	64.3176	16.1627
1	14.3	64.3176	16.1627	0.6939	Line	64.9901	16.3340
1	340.7	64.9901	16.3340	0.6996	Line	65.6503	16.1028
1	300.0	65.6503	16.1028	0.7252	Line	66.0129	15.4747
1	270.0	66.0129	15.4747	0.6292	Line	66.0129	14.8456
1	38.0	66.2062	14.3721	0.7061	Line	66.7625	14.8071
1	0.0	66.7625	14.8071	0.6771	Line	67.4396	14.8071
1	315.9	67.4396	14.8071	0.7000	Line	67.9421	14.3198
1	270.7	67.9421	14.3198	0.6932	Line	67.9501	13.6266
1	234.6	67.9501	13.6266	0.6974	Line	67.5464	13.0579
1	195.1	67.5464	13.0579	0.6990	Line	66.8714	12.8764
1	325.5	67.6679	12.6227	0.8113	Line	68.3368	12.1636
1	283.3	68.3368	12.1636	0.7830	Line	68.5171	11.4016
1	244.4	68.5171	11.4016	0.8064	Line	68.1682	10.6746
1	212.9	68.1682	10.6746	0.8029	Line	67.4939	10.2389
1	176.1	67.4939	10.2389	0.7954	Line	66.7003	10.2930
1	135.9	66.7003	10.2930	0.8094	Line	66.1187	10.8559
1	147.3	62.4665	10.1322	0.8319	Line	61.7665	10.5817
1	226.5	67.7418	15.6384	0.5466	Line	67.3656	15.2417
1	188.7	63.2677	10.2542	0.8105	Line	62.4665	10.1322
1	145.5	74.5450	7.2493	0.8113	Line	73.8761	7.7085
1	147.3	68.6747	5.2179	0.8319	Line	67.9747	5.6675
1	115.6	67.9747	5.6675	0.8305	Line	67.6157	6.4164
1	74.9	67.6157	6.4164	0.8184	Line	67.8289	7.2066
1	44.4	67.8289	7.2066	0.8405	Line	68.4289	7.7951
1	144.1	69.9988	9.4490	0.7195	Line	69.4163	9.8713
1	180.7	69.4163	9.8713	0.7013	Line	68.7150	9.8632
1	225.8	68.7150	9.8632	0.7021	Line	68.2253	9.3600
1	270.0	68.2253	9.3600	0.7195	Line	68.2253	8.6405
1	308.9	68.2253	8.6405	0.6956	Line	68.6624	8.0994
1	348.0	68.6624	8.0994	0.7168	Line	69.3636	7.9508
1	87.4	70.1199	9.9592	0.7042	Line	70.1514	10.6627
1	57.4	70.1514	10.6627	0.6951	Line	70.5258	11.2484
1	14.3	70.5258	11.2484	0.6939	Line	71.1983	11.4197
1	340.7	71.1983	11.4197	0.6996	Line	71.8585	11.1885
1	301.8	71.8585	11.1885	0.6877	Line	72.2211	10.6041
1	269.8	72.2211	10.6041	0.7064	Line	72.2184	9.8978
1	38.0	72.4144	9.4578	0.7061	Line	72.9707	9.8928
1	359.8	72.9707	9.8928	0.6831	Line	73.6538	9.8900
1	315.7	73.6538	9.8900	0.6938	Line	74.1503	9.4055
1	270.7	74.1503	9.4055	0.6932	Line	74.1583	8.7123
1	234.6	74.1583	8.7123	0.6974	Line	73.7546	8.1436
1	195.1	73.7546	8.1436	0.6990	Line	73.0796	7.9621
1	315.9	72.3269	5.9416	0.8094	Line	72.9085	5.3787
1	356.1	72.9085	5.3787	0.7954	Line	73.7021	5.3247
1	32.9	73.7021	5.3247	0.8029	Line	74.3765	5.7604
1	64.4	74.3765	5.7604	0.8064	Line	74.7253	6.4874
1	103.3	74.7253	6.4874	0.7830	Line	74.5450	7.2493
1	226.5	63.8453	10.8635	0.8395	Line	63.2677	10.2542
1	188.7	69.4759	5.3400	0.8105	Line	68.6747	5.2179
1	188.7	67.3656	15.2417	0.5277	Line	66.8439	15.1622
1	115.6	66.3882	15.4549	0.5408	Line	66.1544	15.9426
1	49.2	68.5098	15.8990	0.5546	Line	68.8720	16.3190
1	90.0	71.2330	5.1708	1.1787	Line	71.2330	6.3495
1	137.0	71.2330	6.3495	0.9130	Line	70.5654	6.9722
1	49.2	71.2330	6.3495	0.8518	Line	71.7894	6.9945
1	269.8	74.2282	2.7901	0.2579	Line	74.2272	2.5321
1	301.8	74.2272	2.5321	0.2511	Line	74.3596	2.3188
1	340.7	74.3596	2.3188	0.2554	Line	74.6007	2.2343
1	14.3	74.6007	2.2343	0.2534	Line	74.8462	2.2969
1	57.4	74.8462	2.2969	0.2538	Line	74.9829	2.5107
1	87.4	74.9829	2.5107	0.2572	Line	74.9944	2.7676
1	270.0	75.1492	3.5603	0.2579	Line	75.1492	3.3024
1	301.6	75.1492	3.3024	0.2506	Line	75.2807	3.0890
1	340.7	75.2807	3.0890	0.2554	Line	75.5218	3.0046
1	14.3	75.5218	3.0046	0.2534	Line	75.7673	3.0672
1	57.4	75.7673	3.0672	0.2538	Line	75.9040	3.2810
1	90.0	75.9040	3.2810	0.2454	Line	75.9040	3.5264
1	270.0	76.9711	3.5603	0.2636	Line	76.9711	3.2968
1	302.3	76.9711	3.2968	0.2458	Line	77.1025	3.0890
1	340.7	77.1025	3.0890	0.2554	Line	77.3436	3.0046
1	14.3	77.3436	3.0046	0.2534	Line	77.5891	3.0672
1	57.4	77.5891	3.0672	0.2538	Line	77.7258	3.2810
1	87.4	77.7258	3.2810	0.2572	Line	77.7374	3.5379
1	270.0	76.0500	2.7901	0.2636	Line	76.0500	2.5265
1	302.3	76.0500	2.5265	0.2458	Line	76.1814	2.3188
1	340.7	76.1814	2.3188	0.2554	Line	76.4225	2.2343
1	14.3	76.4225	2.2343	0.2534	Line	76.6680	2.2969
1	57.4	76.6680	2.2969	0.2538	Line	76.8048	2.5107
1	137.0	68.5098	15.8990	0.5945	Line	68.0750	16.3045
1	147.3	66.8439	15.1622	0.5417	Line	66.3882	15.4549
1	90.0	68.5098	15.1315	0.7675	Line	68.5098	15.8990
1	137.0	65.0248	11.2638	0.9130	Line	64.3572	11.8865
1	74.9	66.1544	15.9426	0.5329	Line	66.2932	16.4571
1	44.4	66.2932	16.4571	0.5473	Line	66.6839	16.8403
1	168.0	67.2925	16.9417	0.4667	Line	66.8359	17.0384
1	128.6	66.8359	17.0384	0.4600	Line	66.5489	17.3979
1	90.0	66.5489	17.3979	0.4547	Line	66.5489	17.8525
1	46.1	66.5489	17.8525	0.4637	Line	66.8702	18.1869
1	0.7	66.8702	18.1869	0.4567	Line	67.3268	18.1922
1	324.1	67.3268	18.1922	0.4685	Line	67.7061	17.9172
1	87.4	67.7849	18.2494	0.4586	Line	67.8055	18.7075
1	57.4	67.8055	18.7075	0.4526	Line	68.0493	19.0888
1	14.3	68.0493	19.0888	0.4518	Line	68.4871	19.2004
1	340.7	68.4871	19.2004	0.4555	Line	68.9170	19.0498
1	301.8	68.9170	19.0498	0.4478	Line	69.1531	18.6693
1	270.0	69.1531	18.6693	0.4381	Line	69.1531	18.2312
1	38.0	69.2790	17.9229	0.4598	Line	69.6412	18.2062
1	0.0	69.6412	18.2062	0.4409	Line	70.0821	18.2062
1	315.9	70.0821	18.2062	0.4558	Line	70.4093	17.8889
1	270.0	70.4093	17.8889	0.4513	Line	70.4093	17.4375
1	235.2	70.4093	17.4375	0.4511	Line	70.1516	17.0672
1	195.1	70.1516	17.0672	0.4551	Line	69.7121	16.9490
1	315.9	69.2220	15.6335	0.5270	Line	69.6007	15.2669
1	356.1	69.6007	15.2669	0.5179	Line	70.1174	15.2317
1	212.9	70.5565	15.5154	0.5228	Line	70.1174	15.2317
1	325.5	70.2307	16.7839	0.5283	Line	70.6662	16.4849
1	283.3	70.6662	16.4849	0.5098	Line	70.7837	15.9888
1	244.4	70.7837	15.9888	0.5251	Line	70.5565	15.5154
1	90.0	65.0248	10.0850	1.1787	Line	65.0248	11.2638
1	49.2	65.0248	11.2638	0.8518	Line	65.5812	11.9088
1	226.5	70.0535	5.9492	0.8395	Line	69.4759	5.3400
